231
0.00 285.5534000 -38.1210000 14.21 28.517 27.583 18.000 18.000 149.000 11.138
0.00 285.8331000 -38.1999000 22.64 28.517 27.583 18.000 18.000 149.000 9.059
0.00 286.1135000 -38.2781000 31.07 28.517 27.583 18.000 18.000 149.000 0.768
0.00 286.3944000 -38.3557000 39.50 28.517 27.583 18.000 18.000 0.000 0.000
0.00 286.6759000 -38.4326000 47.92 28.517 27.583 18.000 18.000 0.000 0.000
0.00 286.9580000 -38.5088000 56.35 28.517 27.583 18.000 18.000 0.000 0.000
0.00 287.2408000 -38.5843000 64.78 28.517 27.583 18.000 18.000 0.000 0.000
0.00 287.5241000 -38.6591000 73.21 28.517 27.583 18.000 18.000 0.000 0.000
0.00 287.8080000 -38.7333000 81.64 28.517 27.583 18.000 18.000 0.000 0.000
0.00 288.0925000 -38.8067000 90.06 28.517 27.583 18.000 18.000 0.000 0.000
0.00 288.3776000 -38.8795000 98.49 28.517 27.583 18.000 18.000 0.000 0.000
0.00 285.6539000 -37.8766000 14.21 28.517 27.583 18.000 18.000 149.000 10.772
0.00 285.9337000 -37.9554000 22.64 28.517 27.583 18.000 18.000 149.000 7.623
0.00 286.2141000 -38.0337000 31.07 28.517 27.583 18.000 18.000 149.000 0.243
0.00 286.4951000 -38.1112000 39.50 28.517 27.583 18.000 18.000 0.000 0.000
0.00 286.7768000 -38.1881000 47.92 28.517 27.583 18.000 18.000 0.000 0.000
0.00 287.0590000 -38.2643000 56.35 28.517 27.583 18.000 18.000 0.000 0.000
0.00 287.3418000 -38.3398000 64.78 28.517 27.583 18.000 18.000 0.000 0.000
0.00 287.6252000 -38.4147000 73.21 28.517 27.583 18.000 18.000 0.000 0.000
0.00 287.9093000 -38.4888000 81.64 28.517 27.583 18.000 18.000 0.000 0.000
0.00 288.1939000 -38.5623000 90.06 28.517 27.583 18.000 18.000 0.000 0.000
0.00 288.4790000 -38.6351000 98.49 28.517 27.583 18.000 18.000 0.000 0.000
0.00 285.7536000 -37.6320000 14.21 28.517 27.583 18.000 18.000 144.298 10.643
0.00 286.0335000 -37.7109000 22.64 28.517 27.583 18.000 18.000 144.848 7.468
0.00 286.3141000 -37.7891000 31.07 28.517 27.583 18.000 18.000 149.000 0.771
0.00 286.5952000 -37.8667000 39.50 28.517 27.583 18.000 18.000 0.000 0.000
0.00 286.8769000 -37.9435000 47.92 28.517 27.583 18.000 18.000 0.000 0.000
0.00 287.1593000 -38.0197000 56.35 28.517 27.583 18.000 18.000 0.000 0.000
0.00 287.4422000 -38.0953000 64.78 28.517 27.583 18.000 18.000 0.000 0.000
0.00 287.7257000 -38.1701000 73.21 28.517 27.583 18.000 18.000 0.000 0.000
0.00 288.0098000 -38.2443000 81.64 28.517 27.583 18.000 18.000 0.000 0.000
0.00 288.2945000 -38.3177000 90.06 28.517 27.583 18.000 18.000 0.000 0.000
0.00 288.5798000 -38.3905000 98.49 28.517 27.583 18.000 18.000 0.000 0.000
0.00 285.8527000 -37.3874000 14.21 28.517 27.583 18.000 18.000 134.408 12.469
0.00 286.1327000 -37.4663000 22.64 28.517 27.583 18.000 18.000 129.979 8.959
0.00 286.4134000 -37.5445000 31.07 28.517 27.583 18.000 18.000 129.480 2.006
0.00 286.6946000 -37.6220000 39.50 28.517 27.583 18.000 18.000 0.000 0.000
0.00 286.9764000 -37.6989000 47.92 28.517 27.583 18.000 18.000 0.000 0.000
0.00 287.2589000 -37.7751000 56.35 28.517 27.583 18.000 18.000 0.000 0.000
0.00 287.5419000 -37.8506000 64.78 28.517 27.583 18.000 18.000 0.000 0.000
0.00 287.8255000 -37.9255000 73.21 28.517 27.583 18.000 18.000 0.000 0.000
0.00 288.1097000 -37.9996000 81.64 28.517 27.583 18.000 18.000 0.000 0.000
0.00 288.3945000 -38.0731000 90.06 28.517 27.583 18.000 18.000 0.000 0.000
0.00 288.6799000 -38.1459000 98.49 28.517 27.583 18.000 18.000 0.000 0.000
0.00 285.9512000 -37.1427000 14.21 28.517 27.583 18.000 18.000 118.537 15.962
0.00 286.2313000 -37.2216000 22.64 28.517 27.583 18.000 18.000 108.024 13.300
0.00 286.5120000 -37.2998000 31.07 28.517 27.583 18.000 18.000 100.335 5.181
0.00 286.7934000 -37.3773000 39.50 28.517 27.583 18.000 18.000 59.000 0.147
0.00 287.0753000 -37.4542000 47.92 28.517 27.583 18.000 18.000 0.000 0.000
0.00 287.3578000 -37.5304000 56.35 28.517 27.583 18.000 18.000 0.000 0.000
0.00 287.6410000 -37.6059000 64.78 28.517 27.583 18.000 18.000 0.000 0.000
0.00 287.9247000 -37.6808000 73.21 28.517 27.583 18.000 18.000 0.000 0.000
0.00 288.2090000 -37.7549000 81.64 28.517 27.583 18.000 18.000 0.000 0.000
0.00 288.4939000 -37.8284000 90.06 28.517 27.583 18.000 18.000 0.000 0.000
0.00 288.7794000 -37.9012000 98.49 28.517 27.583 18.000 18.000 0.000 0.000
0.00 286.0490000 -36.8979000 14.21 28.517 27.583 18.000 18.000 110.274 17.464
0.00 286.3292000 -36.9768000 22.64 28.517 27.583 18.000 18.000 97.620 15.080
0.00 286.6101000 -37.0550000 31.07 28.517 27.583 18.000 18.000 86.810 6.481
0.00 286.8915000 -37.1325000 39.50 28.517 27.583 18.000 18.000 59.000 1.505
0.00 287.1735000 -37.2094000 47.92 28.517 27.583 18.000 18.000 59.000 0.227
0.00 287.4561000 -37.2856000 56.35 28.517 27.583 18.000 18.000 0.000 0.000
0.00 287.7394000 -37.3611000 64.78 28.517 27.583 18.000 18.000 0.000 0.000
0.00 288.0232000 -37.4360000 73.21 28.517 27.583 18.000 18.000 0.000 0.000
0.00 288.3076000 -37.5101000 81.64 28.517 27.583 18.000 18.000 0.000 0.000
0.00 288.5926000 -37.5836000 90.06 28.517 27.583 18.000 18.000 0.000 0.000
0.00 288.8781000 -37.6564000 98.49 28.517 27.583 18.000 18.000 0.000 0.000
0.00 286.1462000 -36.6530000 14.21 28.517 27.583 18.000 18.000 116.771 12.962
0.00 286.4265000 -36.7319000 22.64 28.517 27.583 18.000 18.000 104.446 8.053
0.00 286.7074000 -36.8101000 31.07 28.517 27.583 18.000 18.000 87.986 3.461
0.00 286.9890000 -36.8877000 39.50 28.517 27.583 18.000 18.000 59.000 1.560
0.00 287.2711000 -36.9645000 47.92 28.517 27.583 18.000 18.000 59.000 0.547
0.00 287.5538000 -37.0407000 56.35 28.517 27.583 18.000 18.000 59.000 0.552
0.00 287.8371000 -37.1163000 64.78 28.517 27.583 18.000 18.000 0.000 0.000
0.00 288.1210000 -37.1911000 73.21 28.517 27.583 18.000 18.000 0.000 0.000
0.00 288.4055000 -37.2652000 81.64 28.517 27.583 18.000 18.000 0.000 0.000
0.00 288.6906000 -37.3387000 90.06 28.517 27.583 18.000 18.000 0.000 0.000
0.00 288.9763000 -37.4115000 98.49 28.517 27.583 18.000 18.000 0.000 0.000
0.00 286.2428000 -36.4081000 14.21 28.517 27.583 18.000 18.000 130.742 9.443
0.00 286.5232000 -36.4869000 22.64 28.517 27.583 18.000 18.000 129.741 4.739
0.00 286.8042000 -36.5652000 31.07 28.517 27.583 18.000 18.000 127.555 1.458
0.00 287.0858000 -36.6427000 39.50 28.517 27.583 18.000 18.000 59.000 0.113
0.00 287.3680000 -36.7196000 47.92 28.517 27.583 18.000 18.000 59.000 0.012
0.00 287.6508000 -36.7958000 56.35 28.517 27.583 18.000 18.000 59.000 0.372
0.00 287.9343000 -36.8713000 64.78 28.517 27.583 18.000 18.000 59.000 0.123
0.00 288.2182000 -36.9461000 73.21 28.517 27.583 18.000 18.000 0.000 0.000
0.00 288.5028000 -37.0203000 81.64 28.517 27.583 18.000 18.000 0.000 0.000
0.00 288.7880000 -37.0937000 90.06 28.517 27.583 18.000 18.000 0.000 0.000
0.00 289.0738000 -37.1665000 98.49 28.517 27.583 18.000 18.000 0.000 0.000
0.00 286.3388000 -36.1630000 14.21 28.517 27.583 18.000 18.000 138.848 7.404
0.00 286.6193000 -36.2419000 22.64 28.517 27.583 18.000 18.000 147.613 2.597
0.00 286.9004000 -36.3201000 31.07 28.517 27.583 18.000 18.000 149.000 0.382
0.00 287.1821000 -36.3977000 39.50 28.517 27.583 18.000 18.000 0.000 0.000
0.00 287.4644000 -36.4745000 47.92 28.517 27.583 18.000 18.000 59.000 0.248
0.00 287.7473000 -36.5507000 56.35 28.517 27.583 18.000 18.000 59.000 0.872
0.00 288.0308000 -36.6263000 64.78 28.517 27.583 18.000 18.000 59.000 1.070
0.00 288.3148000 -36.7011000 73.21 28.517 27.583 18.000 18.000 59.000 0.920
0.00 288.5995000 -36.7752000 81.64 28.517 27.583 18.000 18.000 0.000 0.000
0.00 288.8848000 -36.8487000 90.06 28.517 27.583 18.000 18.000 0.000 0.000
0.00 289.1706000 -36.9215000 98.49 28.517 27.583 18.000 18.000 0.000 0.000
0.00 286.4341000 -35.9179000 14.21 28.517 27.583 18.000 18.000 136.797 7.666
0.00 286.7147000 -35.9968000 22.64 28.517 27.583 18.000 18.000 127.472 3.266
0.00 286.9959000 -36.0750000 31.07 28.517 27.583 18.000 18.000 96.282 2.734
0.00 287.2777000 -36.1526000 39.50 28.517 27.583 18.000 18.000 81.928 2.773
0.00 287.5601000 -36.2294000 47.92 28.517 27.583 18.000 18.000 69.494 2.472
0.00 287.8431000 -36.3056000 56.35 28.517 27.583 18.000 18.000 59.000 2.242
0.00 288.1267000 -36.3811000 64.78 28.517 27.583 18.000 18.000 59.000 2.901
0.00 288.4108000 -36.4560000 73.21 28.517 27.583 18.000 18.000 59.000 1.902
0.00 288.6956000 -36.5301000 81.64 28.517 27.583 18.000 18.000 0.000 0.000
0.00 288.9809000 -36.6036000 90.06 28.517 27.583 18.000 18.000 0.000 0.000
0.00 289.2668000 -36.6764000 98.49 28.517 27.583 18.000 18.000 0.000 0.000
0.00 286.5289000 -35.6728000 14.21 28.517 27.583 18.000 18.000 141.649 9.958
0.00 286.8096000 -35.7516000 22.64 28.517 27.583 18.000 18.000 135.122 5.025
0.00 287.0909000 -35.8298000 31.07 28.517 27.583 18.000 18.000 103.356 5.555
0.00 287.3728000 -35.9074000 39.50 28.517 27.583 18.000 18.000 86.407 5.302
0.00 287.6552000 -35.9842000 47.92 28.517 27.583 18.000 18.000 75.292 4.150
0.00 287.9383000 -36.0604000 56.35 28.517 27.583 18.000 18.000 59.000 3.401
0.00 288.2220000 -36.1360000 64.78 28.517 27.583 18.000 18.000 59.000 3.718
0.00 288.5062000 -36.2108000 73.21 28.517 27.583 18.000 18.000 59.000 2.282
0.00 288.7910000 -36.2849000 81.64 28.517 27.583 18.000 18.000 59.000 0.391
0.00 289.0765000 -36.3584000 90.06 28.517 27.583 18.000 18.000 0.000 0.000
0.00 289.3625000 -36.4312000 98.49 28.517 27.583 18.000 18.000 0.000 0.000
0.00 286.6231000 -35.4275000 14.21 28.517 27.583 18.000 18.000 149.000 11.881
0.00 286.9039000 -35.5064000 22.64 28.517 27.583 18.000 18.000 147.602 7.102
0.00 287.1853000 -35.5846000 31.07 28.517 27.583 18.000 18.000 128.655 5.492
0.00 287.4672000 -35.6621000 39.50 28.517 27.583 18.000 18.000 96.353 3.369
0.00 287.7498000 -35.7390000 47.92 28.517 27.583 18.000 18.000 78.454 3.257
0.00 288.0329000 -35.8152000 56.35 28.517 27.583 18.000 18.000 59.000 2.630
0.00 288.3167000 -35.8907000 64.78 28.517 27.583 18.000 18.000 59.000 2.397
0.00 288.6010000 -35.9655000 73.21 28.517 27.583 18.000 18.000 59.000 1.356
0.00 288.8859000 -36.0397000 81.64 28.517 27.583 18.000 18.000 0.000 0.000
0.00 289.1714000 -36.1131000 90.06 28.517 27.583 18.000 18.000 0.000 0.000
0.00 289.4575000 -36.1859000 98.49 28.517 27.583 18.000 18.000 0.000 0.000
0.00 286.7168000 -35.1822000 14.21 28.517 27.583 18.000 18.000 144.297 14.541
0.00 286.9976000 -35.2611000 22.64 28.517 27.583 18.000 18.000 145.509 10.102
0.00 287.2790000 -35.3393000 31.07 28.517 27.583 18.000 18.000 148.750 6.543
0.00 287.5611000 -35.4168000 39.50 28.517 27.583 18.000 18.000 131.290 1.371
0.00 287.8437000 -35.4937000 47.92 28.517 27.583 18.000 18.000 74.479 0.664
0.00 288.1270000 -35.5698000 56.35 28.517 27.583 18.000 18.000 59.000 1.134
0.00 288.4108000 -35.6453000 64.78 28.517 27.583 18.000 18.000 59.000 1.460
0.00 288.6952000 -35.7202000 73.21 28.517 27.583 18.000 18.000 59.000 0.870
0.00 288.9802000 -35.7943000 81.64 28.517 27.583 18.000 18.000 0.000 0.000
0.00 289.2658000 -35.8678000 90.06 28.517 27.583 18.000 18.000 0.000 0.000
0.00 289.5519000 -35.9405000 98.49 28.517 27.583 18.000 18.000 0.000 0.000
0.00 286.8098000 -34.9368000 14.21 28.517 27.583 18.000 18.000 132.576 19.314
0.00 287.0908000 -35.0157000 22.64 28.517 27.583 18.000 18.000 133.398 15.290
0.00 287.3723000 -35.0939000 31.07 28.517 27.583 18.000 18.000 142.259 8.488
0.00 287.6544000 -35.1714000 39.50 28.517 27.583 18.000 18.000 129.062 1.596
0.00 287.9371000 -35.2482000 47.92 28.517 27.583 18.000 18.000 59.000 1.572
0.00 288.2204000 -35.3244000 56.35 28.517 27.583 18.000 18.000 59.000 2.342
0.00 288.5043000 -35.3999000 64.78 28.517 27.583 18.000 18.000 59.000 1.175
0.00 288.7888000 -35.4748000 73.21 28.517 27.583 18.000 18.000 59.000 0.424
0.00 289.0739000 -35.5489000 81.64 28.517 27.583 18.000 18.000 0.000 0.000
0.00 289.3595000 -35.6223000 90.06 28.517 27.583 18.000 18.000 0.000 0.000
0.00 289.6458000 -35.6951000 98.49 28.517 27.583 18.000 18.000 0.000 0.000
0.00 286.9024000 -34.6913000 14.21 28.517 27.583 18.000 18.000 128.446 22.552
0.00 287.1834000 -34.7702000 22.64 28.517 27.583 18.000 18.000 126.904 20.937
0.00 287.4649000 -34.8484000 31.07 28.517 27.583 18.000 18.000 135.709 11.971
0.00 287.7471000 -34.9259000 39.50 28.517 27.583 18.000 18.000 112.262 3.565
0.00 288.0299000 -35.0028000 47.92 28.517 27.583 18.000 18.000 68.439 2.907
0.00 288.3133000 -35.0790000 56.35 28.517 27.583 18.000 18.000 59.000 2.863
0.00 288.5973000 -35.1545000 64.78 28.517 27.583 18.000 18.000 59.000 0.056
0.00 288.8818000 -35.2293000 73.21 28.517 27.583 18.000 18.000 0.000 0.000
0.00 289.1670000 -35.3034000 81.64 28.517 27.583 18.000 18.000 0.000 0.000
0.00 289.4527000 -35.3769000 90.06 28.517 27.583 18.000 18.000 0.000 0.000
0.00 289.7390000 -35.4496000 98.49 28.517 27.583 18.000 18.000 0.000 0.000
0.00 286.9943000 -34.4458000 14.21 28.517 27.583 18.000 18.000 121.549 23.720
0.00 287.2754000 -34.5247000 22.64 28.517 27.583 18.000 18.000 119.641 23.152
0.00 287.5571000 -34.6028000 31.07 28.517 27.583 18.000 18.000 134.084 12.053
0.00 287.8393000 -34.6804000 39.50 28.517 27.583 18.000 18.000 122.820 2.197
0.00 288.1222000 -34.7572000 47.92 28.517 27.583 18.000 18.000 59.000 0.938
0.00 288.4057000 -34.8334000 56.35 28.517 27.583 18.000 18.000 59.000 1.634
0.00 288.6897000 -34.9089000 64.78 28.517 27.583 18.000 18.000 0.000 0.000
0.00 288.9743000 -34.9837000 73.21 28.517 27.583 18.000 18.000 0.000 0.000
0.00 289.2596000 -35.0578000 81.64 28.517 27.583 18.000 18.000 0.000 0.000
0.00 289.5454000 -35.1313000 90.06 28.517 27.583 18.000 18.000 0.000 0.000
0.00 289.8317000 -35.2040000 98.49 28.517 27.583 18.000 18.000 0.000 0.000
0.00 287.0858000 -34.2002000 14.21 28.517 27.583 18.000 18.000 112.437 19.132
0.00 287.3669000 -34.2790000 22.64 28.517 27.583 18.000 18.000 107.897 19.358
0.00 287.6486000 -34.3572000 31.07 28.517 27.583 18.000 18.000 125.665 7.927
0.00 287.9310000 -34.4348000 39.50 28.517 27.583 18.000 18.000 143.499 0.687
0.00 288.2139000 -34.5116000 47.92 28.517 27.583 18.000 18.000 59.000 0.099
0.00 288.4974000 -34.5878000 56.35 28.517 27.583 18.000 18.000 59.000 0.907
0.00 288.7816000 -34.6633000 64.78 28.517 27.583 18.000 18.000 0.000 0.000
0.00 289.0663000 -34.7381000 73.21 28.517 27.583 18.000 18.000 0.000 0.000
0.00 289.3516000 -34.8122000 81.64 28.517 27.583 18.000 18.000 0.000 0.000
0.00 289.6374000 -34.8857000 90.06 28.517 27.583 18.000 18.000 0.000 0.000
0.00 289.9239000 -34.9584000 98.49 28.517 27.583 18.000 18.000 0.000 0.000
0.00 287.1767000 -33.9545000 14.21 28.517 27.583 18.000 18.000 90.160 9.505
0.00 287.4579000 -34.0334000 22.64 28.517 27.583 18.000 18.000 83.466 12.521
0.00 287.7397000 -34.1116000 31.07 28.517 27.583 18.000 18.000 94.629 5.643
0.00 288.0221000 -34.1891000 39.50 28.517 27.583 18.000 18.000 78.195 1.026
0.00 288.3051000 -34.2659000 47.92 28.517 27.583 18.000 18.000 59.000 0.279
0.00 288.5887000 -34.3421000 56.35 28.517 27.583 18.000 18.000 59.000 0.412
0.00 288.8729000 -34.4176000 64.78 28.517 27.583 18.000 18.000 0.000 0.000
0.00 289.1577000 -34.4924000 73.21 28.517 27.583 18.000 18.000 0.000 0.000
0.00 289.4430000 -34.5665000 81.64 28.517 27.583 18.000 18.000 0.000 0.000
0.00 289.7290000 -34.6400000 90.06 28.517 27.583 18.000 18.000 0.000 0.000
0.00 290.0155000 -34.7127000 98.49 28.517 27.583 18.000 18.000 0.000 0.000
0.00 287.2670000 -33.7088000 14.21 28.517 27.583 18.000 18.000 59.000 7.504
0.00 287.5483000 -33.7876000 22.64 28.517 27.583 18.000 18.000 59.950 10.430
0.00 287.8302000 -33.8658000 31.07 28.517 27.583 18.000 18.000 65.646 4.718
0.00 288.1127000 -33.9433000 39.50 28.517 27.583 18.000 18.000 59.000 1.030
0.00 288.3957000 -34.0202000 47.92 28.517 27.583 18.000 18.000 0.000 0.000
0.00 288.6794000 -34.0963000 56.35 28.517 27.583 18.000 18.000 0.000 0.000
0.00 288.9637000 -34.1718000 64.78 28.517 27.583 18.000 18.000 0.000 0.000
0.00 289.2485000 -34.2466000 73.21 28.517 27.583 18.000 18.000 0.000 0.000
0.00 289.5339000 -34.3208000 81.64 28.517 27.583 18.000 18.000 0.000 0.000
0.00 289.8199000 -34.3942000 90.06 28.517 27.583 18.000 18.000 0.000 0.000
0.00 290.1065000 -34.4669000 98.49 28.517 27.583 18.000 18.000 0.000 0.000
0.00 287.3569000 -33.4630000 14.21 28.517 27.583 18.000 18.000 59.000 5.361
0.00 287.6382000 -33.5418000 22.64 28.517 27.583 18.000 18.000 59.000 6.118
0.00 287.9202000 -33.6200000 31.07 28.517 27.583 18.000 18.000 59.000 1.399
0.00 288.2027000 -33.6975000 39.50 28.517 27.583 18.000 18.000 59.000 0.321
0.00 288.4859000 -33.7744000 47.92 28.517 27.583 18.000 18.000 0.000 0.000
0.00 288.7696000 -33.8505000 56.35 28.517 27.583 18.000 18.000 0.000 0.000
0.00 289.0539000 -33.9260000 64.78 28.517 27.583 18.000 18.000 0.000 0.000
0.00 289.3388000 -34.0008000 73.21 28.517 27.583 18.000 18.000 0.000 0.000
0.00 289.6243000 -34.0749000 81.64 28.517 27.583 18.000 18.000 0.000 0.000
0.00 289.9104000 -34.1484000 90.06 28.517 27.583 18.000 18.000 0.000 0.000
0.00 290.1970000 -34.2211000 98.49 28.517 27.583 18.000 18.000 0.000 0.000
0.00 287.4462000 -33.2171000 14.21 28.517 27.583 18.000 18.000 59.000 3.487
0.00 287.7277000 -33.2960000 22.64 28.517 27.583 18.000 18.000 59.000 2.581
0.00 288.0097000 -33.3741000 31.07 28.517 27.583 18.000 18.000 0.000 0.000
0.00 288.2923000 -33.4516000 39.50 28.517 27.583 18.000 18.000 0.000 0.000
0.00 288.5755000 -33.5285000 47.92 28.517 27.583 18.000 18.000 0.000 0.000
0.00 288.8593000 -33.6046000 56.35 28.517 27.583 18.000 18.000 0.000 0.000
0.00 289.1437000 -33.6801000 64.78 28.517 27.583 18.000 18.000 0.000 0.000
0.00 289.4286000 -33.7549000 73.21 28.517 27.583 18.000 18.000 0.000 0.000
0.00 289.7142000 -33.8290000 81.64 28.517 27.583 18.000 18.000 0.000 0.000
0.00 290.0003000 -33.9024000 90.06 28.517 27.583 18.000 18.000 0.000 0.000
0.00 290.2870000 -33.9752000 98.49 28.517 27.583 18.000 18.000 0.000 0.000
